<<<<<<< HEAD
 | 8 1 2 | 7 5 3 | 6 4 9 |
 | 9 4 3 | 6 8 2 | 1 7 5 |
 | 6 7 5 | 4 9 1 | 2 8 3 |

 | 1 5 4 | 2 3 7 | 8 9 6 |
 | 3 6 9 | 8 4 5 | 7 2 1 |
 | 2 8 7 | 1 6 9 | 5 3 4 |

 | 5 2 1 | 9 7 4 | 3 6 8 |
 | 4 3 8 | 5 2 6 | 9 1 7 |
 | 7 9 6 | 3 1 8 | 4 5 2 |


________________________________________________________


=======
 5 9 6  1 8 4  2 7 3  7 3 1  6 2 9  8 5 4  4 8 2  7 5 3  9 6 1 
 9 2 7  5 3 8  1 4 6  8 1 5  4 6 2  3 9 7  3 6 4  9 1 7  5 2 8 
 1 5 8  2 4 6  7 3 9  2 4 9  3 7 1  6 8 5  6 7 3  8 9 5  4 1 2 

________________________________________________________
>>>>>>> parent of 8b4e95e... gui
