9
 5 9 6  1 8 4  2 7 3  7 3 1  6 2 9  8 5 4  4 8 2  7 5 3  9 6 1 
 9 2 7  5 3 8  1 4 6  8 1 5  4 6 2  3 9 7  3 6 4  9 1 7  5 2 8 
 1 5 8  2 4 6  7 3 9  2 4 9  3 7 1  6 8 5  6 7 3  8 9 5  4 1 2 

________________________________________________________


9
 5 9 6  1 8 4  2 7 3  7 3 1  6 2 9  8 5 4  4 8 2  7 5 3  9 6 1 
 9 2 7  5 3 8  1 4 6  8 1 5  4 6 2  3 9 7  3 6 4  9 1 7  5 2 8 
 1 5 8  2 7 6  4 3 9  2 7 9  3 4 1  6 8 5  6 4 3  8 9 5  7 1 2 

________________________________________________________


9
 5 9 6  1 8 4  2 7 3  7 3 1  6 2 9  8 5 4  4 8 2  7 5 3  9 6 1 
 9 2 7  5 3 8  1 4 6  8 1 5  4 6 2  3 9 7  3 6 4  9 7 1  5 2 8 
 1 5 8  2 4 6  7 3 9  2 4 9  3 1 7  6 8 5  6 7 3  8 9 5  4 1 2 

________________________________________________________


9
 5 9 6  1 8 4  2 7 3  7 3 1  6 2 9  8 5 4  4 8 2  7 5 3  9 6 1 
 9 2 7  5 3 8  1 4 6  8 6 5  4 1 2  3 9 7  3 1 4  9 6 7  5 2 8 
 1 5 8  2 4 6  7 3 9  2 4 9  3 7 1  6 8 5  6 7 3  8 9 5  4 1 2 

________________________________________________________


9
 5 9 6  1 8 4  2 7 3  7 3 1  6 2 9  8 5 4  4 8 2  7 5 3  9 6 1 
 9 2 7  5 3 8  1 4 6  8 6 5  4 1 2  3 9 7  3 1 4  9 6 7  5 2 8 
 1 5 8  2 7 6  4 3 9  2 7 9  3 4 1  6 8 5  6 4 3  8 9 5  7 1 2 

________________________________________________________


9
 5 9 6  1 8 4  2 7 3  7 3 1  9 6 2  8 5 4  4 8 2  7 5 3  9 6 1 
 9 2 7  5 3 8  1 4 6  8 6 5  4 1 9  3 2 7  3 1 4  6 2 7  5 9 8 
 1 5 8  2 4 6  7 3 9  2 4 9  3 7 1  6 8 5  6 7 3  8 9 5  4 1 2 

________________________________________________________


9
 5 9 6  1 8 4  2 7 3  7 3 1  9 6 2  8 5 4  4 8 2  7 5 3  9 6 1 
 9 2 7  5 3 8  1 4 6  8 6 5  4 1 9  3 2 7  3 1 4  6 2 7  5 9 8 
 1 5 8  2 7 6  4 3 9  2 7 9  3 4 1  6 8 5  6 4 3  8 9 5  7 1 2 

________________________________________________________


9
 5 9 6  1 8 4  2 7 3  7 3 1  9 6 2  8 5 4  4 8 2  7 5 3  9 6 1 
 9 2 7  5 3 8  1 4 6  8 6 5  4 2 1  3 9 7  3 1 4  6 7 9  5 2 8 
 1 5 8  2 4 6  7 3 9  2 4 9  3 1 7  6 8 5  6 7 3  8 9 5  4 1 2 

________________________________________________________


9
 5 9 6  1 8 4  3 2 7  7 3 1  6 2 9  8 5 4  4 8 2  7 5 3  9 6 1 
 9 2 7  5 3 8  1 4 6  8 1 5  4 6 7  2 9 3  3 6 4  9 1 2  5 7 8 
 1 5 8  2 4 6  7 3 9  2 4 9  3 7 1  6 8 5  6 7 3  8 9 5  4 1 2 

________________________________________________________


9
 5 9 6  1 8 4  3 2 7  7 3 1  6 2 9  8 5 4  4 8 2  7 5 3  9 6 1 
 9 2 7  5 3 8  1 4 6  8 1 5  4 6 7  2 9 3  3 6 4  9 1 2  5 7 8 
 1 5 8  2 7 6  4 3 9  2 7 9  3 4 1  6 8 5  6 4 3  8 9 5  7 1 2 

________________________________________________________


9
 5 9 6  1 8 4  3 2 7  7 3 1  6 2 9  8 5 4  4 8 2  7 5 3  9 6 1 
 9 2 7  5 3 8  1 4 6  8 6 5  4 1 7  2 9 3  3 1 4  9 6 2  5 7 8 
 1 5 8  2 4 6  7 3 9  2 4 9  3 7 1  6 8 5  6 7 3  8 9 5  4 1 2 

________________________________________________________


9
 5 9 6  1 8 4  3 2 7  7 3 1  6 2 9  8 5 4  4 8 2  7 5 3  9 6 1 
 9 2 7  5 3 8  1 4 6  8 6 5  4 1 7  2 9 3  3 1 4  9 6 2  5 7 8 
 1 5 8  2 7 6  4 3 9  2 7 9  3 4 1  6 8 5  6 4 3  8 9 5  7 1 2 

________________________________________________________


9
 5 9 6  1 8 4  3 2 7  7 3 1  6 2 9  8 5 4  4 8 2  7 5 3  9 6 1 
 9 2 7  5 3 8  1 4 6  8 6 5  4 7 1  2 9 3  3 1 4  9 6 2  5 7 8 
 1 5 8  2 4 6  7 3 9  2 4 9  3 1 7  6 8 5  6 7 3  8 9 5  4 1 2 

________________________________________________________


9
 5 9 6  1 8 4  3 2 7  7 3 1  9 6 2  8 5 4  4 8 2  7 5 3  9 6 1 
 9 2 7  5 3 8  1 4 6  8 6 5  4 1 7  2 9 3  3 1 4  6 2 9  5 7 8 
 1 5 8  2 4 6  7 3 9  2 4 9  3 7 1  6 8 5  6 7 3  8 9 5  4 1 2 

________________________________________________________


9
 5 9 6  1 8 4  3 2 7  7 3 1  9 6 2  8 5 4  4 8 2  7 5 3  9 6 1 
 9 2 7  5 3 8  1 4 6  8 6 5  4 1 7  2 9 3  3 1 4  6 2 9  5 7 8 
 1 5 8  2 7 6  4 3 9  2 7 9  3 4 1  6 8 5  6 4 3  8 9 5  7 1 2 

________________________________________________________


9
 5 9 6  1 8 4  3 2 7  7 3 1  9 6 2  8 5 4  4 8 2  7 5 3  9 6 1 
 9 2 7  5 3 8  1 4 6  8 6 5  4 1 9  2 7 3  3 1 4  6 2 7  5 9 8 
 1 5 8  2 4 6  7 3 9  2 4 9  3 7 1  6 8 5  6 7 3  8 9 5  4 1 2 

________________________________________________________


9
 5 9 6  1 8 4  3 2 7  7 3 1  9 6 2  8 5 4  4 8 2  7 5 3  9 6 1 
 9 2 7  5 3 8  1 4 6  8 6 5  4 1 9  2 7 3  3 1 4  6 2 7  5 9 8 
 1 5 8  2 7 6  4 3 9  2 7 9  3 4 1  6 8 5  6 4 3  8 9 5  7 1 2 

________________________________________________________


9
 5 9 6  1 8 4  3 2 7  7 3 1  9 6 2  8 5 4  4 8 2  7 5 3  9 6 1 
 9 2 7  5 3 8  1 4 6  8 6 5  4 7 1  2 9 3  3 1 4  6 2 9  5 7 8 
 1 5 8  2 4 6  7 3 9  2 4 9  3 1 7  6 8 5  6 7 3  8 9 5  4 1 2 

________________________________________________________


9
 5 9 6  1 8 4  3 7 2  7 3 1  6 2 9  8 5 4  4 8 2  7 5 3  9 6 1 
 9 2 7  5 3 8  1 4 6  8 1 5  4 6 2  7 9 3  3 6 4  9 1 7  5 2 8 
 1 5 8  2 7 6  4 3 9  2 7 9  3 4 1  6 8 5  6 4 3  8 9 5  2 1 7 

________________________________________________________


9
 5 9 6  1 8 4  3 7 2  7 3 1  6 2 9  8 5 4  4 8 2  7 5 3  9 6 1 
 9 2 7  5 3 8  1 4 6  8 1 5  4 6 2  7 9 3  3 6 4  9 1 7  5 2 8 
 1 5 8  2 9 6  4 3 7  2 4 9  3 7 1  6 8 5  6 7 3  8 4 5  2 1 9 

________________________________________________________


9
 5 9 6  1 8 4  3 7 2  7 3 1  6 2 9  8 5 4  4 8 2  7 5 3  9 6 1 
 9 2 7  5 3 8  1 4 6  8 1 5  4 6 2  7 9 3  3 6 4  9 1 7  5 2 8 
 1 5 8  2 9 6  4 3 7  2 7 9  3 4 1  6 8 5  6 4 3  8 7 5  2 1 9 

________________________________________________________


9
 5 9 6  1 8 4  3 7 2  7 3 1  6 2 9  8 5 4  4 8 2  7 5 3  9 6 1 
 9 2 7  5 3 8  1 4 6  8 1 5  4 6 2  7 9 3  3 6 4  9 7 1  5 2 8 
 1 5 8  2 9 6  4 3 7  2 4 9  3 1 7  6 8 5  6 7 3  8 4 5  2 1 9 

________________________________________________________


9
 5 9 6  1 8 4  3 7 2  7 3 1  6 2 9  8 5 4  4 8 2  7 5 3  9 6 1 
 9 2 7  5 3 8  1 4 6  8 6 5  4 1 2  7 9 3  3 1 4  9 6 7  5 2 8 
 1 5 8  2 7 6  4 3 9  2 7 9  3 4 1  6 8 5  6 4 3  8 9 5  2 1 7 

________________________________________________________


9
 5 9 6  1 8 4  3 7 2  7 3 1  6 2 9  8 5 4  4 8 2  7 5 3  9 6 1 
 9 2 7  5 3 8  1 4 6  8 6 5  4 1 2  7 9 3  3 1 4  9 6 7  5 2 8 
 1 5 8  2 9 6  4 3 7  2 4 9  3 7 1  6 8 5  6 7 3  8 4 5  2 1 9 

________________________________________________________


9
 5 9 6  1 8 4  3 7 2  7 3 1  6 2 9  8 5 4  4 8 2  7 5 3  9 6 1 
 9 2 7  5 3 8  1 4 6  8 6 5  4 1 2  7 9 3  3 1 4  9 6 7  5 2 8 
 1 5 8  2 9 6  4 3 7  2 7 9  3 4 1  6 8 5  6 4 3  8 7 5  2 1 9 

________________________________________________________


9
 5 9 6  1 8 4  3 7 2  7 3 1  9 6 2  8 5 4  4 8 2  7 5 3  9 6 1 
 9 2 7  5 3 8  1 4 6  8 6 5  4 1 9  7 2 3  3 1 4  6 2 7  5 9 8 
 1 5 8  2 7 6  4 3 9  2 7 9  3 4 1  6 8 5  6 4 3  8 9 5  2 1 7 

________________________________________________________


9
 5 9 6  1 8 4  3 7 2  7 3 1  9 6 2  8 5 4  4 8 2  7 5 3  9 6 1 
 9 2 7  5 3 8  1 4 6  8 6 5  4 1 9  7 2 3  3 1 4  6 2 7  5 9 8 
 1 5 8  2 9 6  4 3 7  2 4 9  3 7 1  6 8 5  6 7 3  8 4 5  2 1 9 

________________________________________________________


9
 5 9 6  1 8 4  3 7 2  7 3 1  9 6 2  8 5 4  4 8 2  7 5 3  9 6 1 
 9 2 7  5 3 8  1 4 6  8 6 5  4 1 9  7 2 3  3 1 4  6 2 7  5 9 8 
 1 5 8  2 9 6  4 3 7  2 7 9  3 4 1  6 8 5  6 4 3  8 7 5  2 1 9 

________________________________________________________


9
 5 9 6  1 8 4  3 7 2  7 3 1  9 6 2  8 5 4  4 8 2  7 5 3  9 6 1 
 9 2 7  5 3 8  1 4 6  8 6 5  4 2 1  7 9 3  3 1 4  6 7 9  5 2 8 
 1 5 8  2 9 6  4 3 7  2 4 9  3 1 7  6 8 5  6 7 3  8 4 5  2 1 9 

________________________________________________________


9
 5 9 6  1 8 4  7 2 3  7 3 1  6 2 9  8 5 4  4 8 2  7 5 3  9 6 1 
 9 2 7  5 3 8  1 4 6  8 1 5  4 6 7  3 9 2  3 6 4  9 1 2  5 7 8 
 1 5 8  2 7 6  4 3 9  2 7 9  3 4 1  6 8 5  6 4 3  8 9 5  2 1 7 

________________________________________________________


9
 5 9 6  1 8 4  7 2 3  7 3 1  6 2 9  8 5 4  4 8 2  7 5 3  9 6 1 
 9 2 7  5 3 8  1 4 6  8 1 5  4 6 7  3 9 2  3 6 4  9 1 2  5 7 8 
 1 5 8  2 9 6  4 3 7  2 4 9  3 7 1  6 8 5  6 7 3  8 4 5  2 1 9 

________________________________________________________


9
 5 9 6  1 8 4  7 2 3  7 3 1  6 2 9  8 5 4  4 8 2  7 5 3  9 6 1 
 9 2 7  5 3 8  1 4 6  8 1 5  4 6 7  3 9 2  3 6 4  9 1 2  5 7 8 
 1 5 8  2 9 6  4 3 7  2 7 9  3 4 1  6 8 5  6 4 3  8 7 5  2 1 9 

________________________________________________________


9
 5 9 6  1 8 4  7 2 3  7 3 1  6 2 9  8 5 4  4 8 2  7 5 3  9 6 1